%YAML:1.0
features:
   - { px:215., py:240., u:201., v:203., z:1.2649999856948853e+000 }
   - { px:216., py:279., u:202., v:250., z:1.2990000247955322e+000 }
   - { px:209., py:279., u:191., v:247., z:1.3090000152587891e+000 }
   - { px:383., py:289., u:391., v:262., z:1.3339999914169312e+000 }
   - { px:198., py:255., u:187., v:229., z:1.4639999866485596e+000 }
   - { px:414., py:355., u:439., v:347., z:1.3500000238418579e+000 }
   - { px:439., py:300., u:462., v:274., z:1.2469999790191650e+000 }
   - { px:443., py:297., u:463., v:269., z:1.2560000419616699e+000 }
   - { px:424., py:141., u:445., v:84., z:1.1749999523162842e+000 }
   - { px:79., py:323., u:53., v:315., z:1.6859999895095825e+000 }
   - { px:187., py:390., u:169., v:385., z:1.5360000133514404e+000 }
   - { px:275., py:355., u:269., v:343., z:1.4579999446868896e+000 }
   - { px:293., py:330., u:288., v:317., z:1.4459999799728394e+000 }
   - { px:192., py:225., u:183., v:197., z:1.4160000085830688e+000 }
   - { px:147., py:221., u:133., v:189., z:1.4579999446868896e+000 }
   - { px:277., py:163., u:275., v:136., z:1.5779999494552612e+000 }
   - { px:283., py:162., u:278., v:132., z:1.5779999494552612e+000 }
A: !!opencv-matrix
   rows: 12
   cols: 1
   dt: d
   data: [ 8.5288419307571019e+001, 7.0418439712388947e+000,
       -2.3823137635938865e+003, 4.2407922856530768e+003,
       3.0594054265068160e+000, 8.6498434140914227e+001,
       -5.1808714318783022e+003, 1.1395560600731433e+004,
       1.3962738624266705e-002, 2.0114692788935906e-002,
       7.4508681254248728e+001, 1.2653779563768770e+001 ]
