%YAML:1.0
features:
   - { px:307., py:465., u:267., v:178., z:1.3990000486373901e+000 }
   - { px:290., py:407., u:267., v:170., z:1.4220000505447388e+000 }
   - { px:321., py:299., u:303., v:45., z:1.3930000066757202e+000 }
   - { px:329., py:313., u:306., v:58., z:1.3760000467300415e+000 }
   - { px:357., py:363., u:351., v:93., z:1.1289999485015869e+000 }
   - { px:361., py:368., u:363., v:92., z:1.0219999551773071e+000 }
   - { px:263., py:310., u:233., v:57., z:1.3500000238418579e+000 }
   - { px:138., py:337., u:94., v:79., z:1.1670000553131104e+000 }
   - { px:193., py:349., u:141., v:99., z:1.2079999446868896e+000 }
   - { px:271., py:332., u:229., v:76., z:1.2209999561309814e+000 }
   - { px:317., py:349., u:287., v:90., z:1.2380000352859497e+000 }
   - { px:356., py:324., u:329., v:64., z:1.2380000352859497e+000 }
A: !!opencv-matrix
   rows: 12
   cols: 1
   dt: d
   data: [ 4.4663280937178882e+001, -5.7084096587296706e+001,
       -2.6395229123492813e+004, 3.6255692339266410e+004,
       2.1938999311694580e+001, -5.3097664269543031e+001,
       -2.6554337413441895e+004, 4.4900768079971902e+004,
       5.9933558677110810e-002, -1.9704832444558748e-001,
       -5.4130930358985530e+001, 1.0828986362791325e+002 ]
