%YAML:1.0
features:
   - { px:215., py:240., u:201., v:203., z:1.2649999856948853e+000 }
   - { px:216., py:279., u:202., v:250., z:1.2990000247955322e+000 }
   - { px:439., py:300., u:462., v:274., z:1.2469999790191650e+000 }
   - { px:424., py:141., u:445., v:84., z:1.1749999523162842e+000 }
   - { px:79., py:323., u:53., v:315., z:1.6859999895095825e+000 }
   - { px:187., py:390., u:169., v:385., z:1.5360000133514404e+000 }
   - { px:277., py:163., u:275., v:136., z:1.5779999494552612e+000 }
A: !!opencv-matrix
   rows: 12
   cols: 1
   dt: d
   data: [ 2.9557742030484139e+001, 6.5054579300989879e-001,
       1.4508410706586798e+002, 9.6493353336665837e+002,
       7.1540255254597407e-001, 2.9231065432912377e+001,
       -1.3006166058526821e+003, 3.8004591185214081e+003,
       3.9990597270752664e-003, 9.1712208740709418e-004,
       2.9837960577748337e+001, 2.0682181900776690e+000 ]
