%YAML:1.0
features:
   - { px:365., py:249., u:384., v:147., z:1.0010000467300415e+000 }
   - { px:309., py:271., u:303., v:185., z:1.1219999790191650e+000 }
   - { px:279., py:288., u:268., v:205., z:1.1909999847412109e+000 }
   - { px:347., py:330., u:225., v:237., z:1.2990000247955322e+000 }
   - { px:141., py:319., u:105., v:255., z:1.3930000066757202e+000 }
   - { px:240., py:336., u:216., v:269., z:1.1909999847412109e+000 }
   - { px:237., py:321., u:218., v:248., z:1.1219999790191650e+000 }
   - { px:245., py:253., u:218., v:167., z:1.1139999628067017e+000 }
   - { px:225., py:216., u:196., v:106., z:1.0440000295639038e+000 }
   - { px:235., py:172., u:198., v:55., z:1.1000000238418579e+000 }
   - { px:282., py:170., u:251., v:45., z:1.1549999713897705e+000 }
   - { px:358., py:193., u:342., v:84., z:1.1710000038146973e+000 }
   - { px:403., py:188., u:405., v:93., z:1.1670000553131104e+000 }
   - { px:445., py:174., u:449., v:72., z:1.1829999685287476e+000 }
   - { px:475., py:221., u:489., v:117., z:1.2209999561309814e+000 }
   - { px:422., py:333., u:435., v:261., z:1.2039999961853027e+000 }
   - { px:464., py:292., u:466., v:219., z:1.2699999809265137e+000 }
   - { px:428., py:272., u:436., v:190., z:1.3930000066757202e+000 }
   - { px:246., py:294., u:232., v:208., z:1.2250000238418579e+000 }
   - { px:170., py:294., u:134., v:190., z:9.9299997091293335e-001 }
A: !!opencv-matrix
   rows: 12
   cols: 1
   dt: d
   data: [ 6.0229794999335540e-001, -3.3088651454021595e-002,
       5.3395110380884766e+001, -2.1358910353508982e+001,
       5.5357379307061728e-002, 5.1988131534138970e-001,
       -1.7828737643598512e+001, 9.7692077387471215e+001,
       2.3582140305414948e-004, -1.8033154996011162e-005,
       3.8837801404241079e-001, 2.3444451604108271e-001 ]
