%YAML:1.0
features:
   - { px:198., py:302., u:242., v:165., z:1.0039999485015869e+000 }
   - { px:86., py:358., u:127., v:223., z:1.1180000305175781e+000 }
   - { px:348., py:306., u:390., v:174., z:1.2380000352859497e+000 }
   - { px:424., py:282., u:485., v:139., z:1.0399999618530273e+000 }
   - { px:394., py:238., u:415., v:132., z:1.7719999551773071e+000 }
   - { px:391., py:162., u:414., v:62., z:2.0090000629425049e+000 }
   - { px:369., py:188., u:379., v:104., z:2.5989999771118164e+000 }
   - { px:370., py:176., u:383., v:87., z:2.5989999771118164e+000 }
   - { px:302., py:164., u:322., v:77., z:2.6189999580383301e+000 }
   - { px:262., py:171., u:279., v:83., z:2.5230000019073486e+000 }
   - { px:271., py:171., u:281., v:80., z:2.4869999885559082e+000 }
   - { px:493., py:203., u:505., v:116., z:3.0590000152587891e+000 }
   - { px:469., py:205., u:479., v:121., z:3.0869998931884766e+000 }
   - { px:502., py:154., u:512., v:68., z:2.9800000190734863e+000 }
   - { px:432., py:187., u:445., v:100., z:2.9549999237060547e+000 }
   - { px:313., py:322., u:327., v:237., z:2.8099999427795410e+000 }
   - { px:321., py:318., u:333., v:232., z:2.8099999427795410e+000 }
   - { px:251., py:340., u:274., v:250., z:2.5799999237060547e+000 }
   - { px:264., py:341., u:279., v:255., z:2.5599999427795410e+000 }
   - { px:311., py:269., u:331., v:179., z:2.7009999752044678e+000 }
   - { px:263., py:216., u:285., v:130., z:2.7880001068115234e+000 }
   - { px:272., py:214., u:286., v:129., z:2.7430000305175781e+000 }
   - { px:233., py:270., u:265., v:150., z:1.3990000486373901e+000 }
   - { px:207., py:315., u:241., v:198., z:1.3819999694824219e+000 }
   - { px:208., py:343., u:240., v:229., z:1.4040000438690186e+000 }
   - { px:178., py:343., u:211., v:231., z:1.3880000114440918e+000 }
   - { px:139., py:255., u:166., v:140., z:1.4099999666213989e+000 }
   - { px:142., py:249., u:170., v:131., z:1.4040000438690186e+000 }
   - { px:135., py:206., u:163., v:85., z:1.3500000238418579e+000 }
A: !!opencv-matrix
   rows: 12
   cols: 1
   dt: d
   data: [ 2.6027741724352560e+000, -1.2931147772597784e-001,
       -3.0819272496323258e+001, -3.7673099121116977e+001,
       7.7925152899215283e-002, 2.4658943755406160e+000,
       7.6014125878273219e+001, 3.3415809925666889e+002,
       1.5230384439878411e-004, -2.8116150138123112e-004,
       2.3812552212798002e+000, 3.5268407550111358e-001 ]
