%YAML:1.0
features:
   - { px:298., py:274., u:276., v:234., z:1.3550000190734863e+000 }
   - { px:344., py:246., u:299., v:219., z:1.3819999694824219e+000 }
   - { px:261., py:145., u:271., v:95., z:1.2699999809265137e+000 }
   - { px:272., py:271., u:177., v:296., z:1.3930000066757202e+000 }
   - { px:346., py:443., u:157., v:325., z:1.3819999694824219e+000 }
   - { px:130., py:370., u:90., v:346., z:1.2799999713897705e+000 }
   - { px:186., py:361., u:115., v:339., z:1.3090000152587891e+000 }
   - { px:242., py:354., u:215., v:333., z:1.4160000085830688e+000 }
   - { px:401., py:184., u:399., v:127., z:1.2289999723434448e+000 }
   - { px:470., py:247., u:474., v:202., z:1.2699999809265137e+000 }
   - { px:419., py:292., u:414., v:247., z:1.3389999866485596e+000 }
   - { px:334., py:152., u:314., v:105., z:1.4520000219345093e+000 }
A: !!opencv-matrix
   rows: 12
   cols: 1
   dt: d
   data: [ 4.9231337978230885e+000, -4.5133732907041813e-002,
       6.8663135234132096e+003, -8.1905383903158236e+003,
       2.0915914349339046e-001, 5.5311432327721990e+000,
       3.5912356121498888e+003, -4.1972765071248577e+003,
       -6.0195201832224639e-004, -3.2911503359420312e-003,
       2.1512582089600880e+001, -1.8660589643064839e+001 ]
