%YAML:1.0
features:
   - { px:360., py:337., u:356., v:252., z:1.0399999618530273e+000 }
   - { px:357., py:324., u:354., v:239., z:1.0690000057220459e+000 }
   - { px:297., py:274., u:279., v:226., z:2.4869999885559082e+000 }
   - { px:301., py:342., u:288., v:288., z:2.4869999885559082e+000 }
   - { px:372., py:277., u:367., v:188., z:1.1039999723434448e+000 }
   - { px:369., py:273., u:364., v:184., z:1.1549999713897705e+000 }
   - { px:256., py:346., u:235., v:265., z:1.0930000543594360e+000 }
A: !!opencv-matrix
   rows: 12
   cols: 1
   dt: d
   data: [ 1.0826047831859637e+002, -3.6014514704133674e+001,
       3.9123295742370028e+004, -1.1987753417540272e+004,
       -1.7441777476881958e+002, 3.1513113808235726e+001,
       1.0083310925707140e+005, -1.5856227555285514e+003,
       -9.8622744039966612e-002, -7.6865057318564162e-002,
       2.4859099405014891e+002, -3.6324093780209694e+001 ]
