%YAML:1.0
features:
   - { px:364., py:266., u:229., v:30., z:1.3600000143051147e+000 }
   - { px:342., py:285., u:340., v:214., z:1.2840000391006470e+000 }
   - { px:180., py:350., u:157., v:294., z:1.3240000009536743e+000 }
   - { px:180., py:358., u:132., v:298., z:1.3389999866485596e+000 }
   - { px:322., py:354., u:311., v:309., z:1.4960000514984131e+000 }
   - { px:200., py:263., u:183., v:221., z:1.4040000438690186e+000 }
   - { px:181., py:196., u:166., v:141., z:1.5420000553131104e+000 }
   - { px:304., py:136., u:298., v:77., z:1.8380000591278076e+000 }
   - { px:375., py:109., u:382., v:40., z:1.8380000591278076e+000 }
   - { px:372., py:108., u:379., v:42., z:1.8380000591278076e+000 }
   - { px:399., py:100., u:392., v:26., z:1.8480000495910645e+000 }
   - { px:385., py:151., u:384., v:79., z:1.7719999551773071e+000 }
   - { px:271., py:229., u:256., v:170., z:1.8279999494552612e+000 }
   - { px:281., py:238., u:271., v:177., z:1.8090000152587891e+000 }
   - { px:264., py:300., u:236., v:230., z:1.3090000152587891e+000 }
   - { px:297., py:318., u:288., v:241., z:1.2610000371932983e+000 }
   - { px:339., py:305., u:330., v:228., z:1.2649999856948853e+000 }
   - { px:375., py:329., u:383., v:242., z:1.3140000104904175e+000 }
   - { px:431., py:338., u:438., v:264., z:1.3140000104904175e+000 }
   - { px:476., py:288., u:489., v:219., z:1.3090000152587891e+000 }
   - { px:493., py:244., u:508., v:164., z:1.2940000295639038e+000 }
   - { px:523., py:210., u:533., v:125., z:1.3389999866485596e+000 }
   - { px:517., py:171., u:541., v:83., z:1.3190000057220459e+000 }
   - { px:347., py:331., u:238., v:111., z:2.2590000629425049e+000 }
   - { px:288., py:182., u:282., v:132., z:2.0950000286102295e+000 }
   - { px:313., py:65., u:214., v:118., z:2.2739999294281006e+000 }
   - { px:335., py:67., u:214., v:116., z:2.2739999294281006e+000 }
   - { px:408., py:70., u:241., v:117., z:2.3039999008178711e+000 }
   - { px:361., py:217., u:240., v:115., z:2.1740000247955322e+000 }
   - { px:367., py:224., u:231., v:104., z:1.9639999866485596e+000 }
A: !!opencv-matrix
   rows: 12
   cols: 1
   dt: d
   data: [ 6.6702085445259851e-002, -2.5442710104869704e-001,
       1.4338074276760682e+002, -3.6794924758900663e+001,
       -1.2451635478659272e-001, 1.1231968441220444e-002,
       4.2043047497335095e+001, 9.2984587436832427e+001,
       -3.8996562015404030e-004, -6.4824289263838068e-004,
       5.1918363485476815e-001, 3.3449818718035767e-003 ]
