%YAML:1.0
features:
   - { px:402., py:298., u:376., v:236., z:1.0729999542236328e+000 }
   - { px:358., py:344., u:336., v:262., z:8.5500001907348633e-001 }
   - { px:300., py:318., u:276., v:234., z:9.0399998426437378e-001 }
   - { px:222., py:173., u:199., v:131., z:1.4830000400543213e+000 }
   - { px:187., py:243., u:157., v:199., z:1.5149999856948853e+000 }
   - { px:213., py:305., u:182., v:256., z:1.5420000553131104e+000 }
   - { px:388., py:240., u:353., v:185., z:1.2039999961853027e+000 }
   - { px:364., py:232., u:341., v:178., z:1.2039999961853027e+000 }
   - { px:326., py:250., u:298., v:176., z:1.0249999761581421e+000 }
   - { px:340., py:266., u:310., v:192., z:1.0690000057220459e+000 }
   - { px:302., py:284., u:266., v:198., z:9.0200001001358032e-001 }
   - { px:260., py:264., u:228., v:186., z:9.9000000953674316e-001 }
   - { px:262., py:254., u:228., v:182., z:9.9000000953674316e-001 }
   - { px:308., py:224., u:274., v:142., z:9.5899999141693115e-001 }
   - { px:346., py:202., u:302., v:120., z:9.4400000572204590e-001 }
   - { px:386., py:198., u:346., v:114., z:9.2299997806549072e-001 }
   - { px:442., py:240., u:416., v:154., z:9.2799997329711914e-001 }
   - { px:418., py:312., u:404., v:240., z:1.0470000505447388e+000 }
   - { px:352., py:306., u:326., v:230., z:9.8100000619888306e-001 }
   - { px:308., py:342., u:276., v:282., z:1.0629999637603760e+000 }
A: !!opencv-matrix
   rows: 12
   cols: 1
   dt: d
   data: [ 1.3112393145023942e+001, 3.1444881431918312e+000,
       -8.4333232388633030e+002, 6.7373610883515653e+002,
       2.9270523652766922e-001, 1.5961404285405669e+001,
       -1.3170542040900443e+003, 1.7081568815853107e+003,
       1.8176576400383909e-003, 1.2304011454685933e-002,
       8.4403612056575010e+000, 1.8512949549579725e+000 ]
