%YAML:1.0
features:
   - { px:344., py:342., u:320., v:143., z:8.6299997568130493e-001 }
   - { px:440., py:330., u:430., v:137., z:9.6499997377395630e-001 }
   - { px:410., py:242., u:405., v:32., z:9.9299997091293335e-001 }
   - { px:152., py:416., u:95., v:249., z:1.0900000333786011e+000 }
   - { px:297., py:407., u:268., v:240., z:1.1749999523162842e+000 }
   - { px:102., py:310., u:34., v:133., z:1.1399999856948853e+000 }
   - { px:205., py:347., u:181., v:204., z:1.6859999895095825e+000 }
   - { px:316., py:290., u:297., v:145., z:1.8190000057220459e+000 }
   - { px:322., py:247., u:299., v:101., z:1.9750000238418579e+000 }
   - { px:153., py:417., u:136., v:279., z:2.0569999217987061e+000 }
   - { px:86., py:418., u:69., v:285., z:2.0209999084472656e+000 }
A: !!opencv-matrix
   rows: 12
   cols: 1
   dt: d
   data: [ 1.1260162402460027e+001, -1.7308334713597002e+000,
       -2.5644954512295044e+001, 1.5659527228845907e+003,
       -7.4956579674583479e-001, 9.8346374316689644e+000,
       9.6244792066756054e+002, 2.5857070852736711e+003,
       -2.7551115662155386e-003, -6.3082763799636888e-003,
       1.1740699442727140e+001, 4.2779288597047138e+000 ]
