%YAML:1.0
features:
   - { px:146., py:424., u:150., v:252., z:1.1039999723434448e+000 }
   - { px:140., py:424., u:136., v:254., z:1.1360000371932983e+000 }
   - { px:164., py:340., u:152., v:164., z:1.0690000057220459e+000 }
   - { px:244., py:272., u:238., v:108., z:1.2430000305175781e+000 }
   - { px:312., py:282., u:310., v:112., z:1.1510000228881836e+000 }
   - { px:404., py:236., u:408., v:72., z:1.2079999446868896e+000 }
   - { px:374., py:256., u:374., v:80., z:1.1069999933242798e+000 }
   - { px:268., py:260., u:262., v:80., z:1.0559999942779541e+000 }
   - { px:235., py:386., u:232., v:225., z:1.3660000562667847e+000 }
   - { px:165., py:358., u:166., v:220., z:1.7539999485015869e+000 }
   - { px:290., py:309., u:287., v:181., z:2.2149999141693115e+000 }
   - { px:384., py:308., u:375., v:180., z:2.3039999008178711e+000 }
   - { px:360., py:318., u:354., v:187., z:2.2149999141693115e+000 }
   - { px:373., py:301., u:366., v:169., z:2.2149999141693115e+000 }
   - { px:431., py:311., u:420., v:180., z:2.2009999752044678e+000 }
   - { px:419., py:306., u:408., v:176., z:2.1870000362396240e+000 }
   - { px:383., py:256., u:374., v:126., z:2.1329998970031738e+000 }
   - { px:341., py:259., u:337., v:129., z:2.0690000057220459e+000 }
A: !!opencv-matrix
   rows: 12
   cols: 1
   dt: d
   data: [ 3.1032364539048638e+000, -6.9705680166840722e-001,
       1.4405462367570436e+002, 9.6247621238919706e+001,
       -2.4174956832460701e-001, 2.8949700207271198e+000,
       3.5102627200768285e+002, 4.6783210031456855e+002,
       -9.2288005919969576e-004, -1.9799849075884681e-003,
       3.7176780640571683e+000, 4.1128708146235848e-001 ]
