%YAML:1.0
features:
   - { px:354., py:308., u:358., v:196., z:8.6299997568130493e-001 }
   - { px:326., py:320., u:334., v:202., z:8.4200000762939453e-001 }
   - { px:172., py:342., u:159., v:225., z:8.3999997377395630e-001 }
   - { px:258., py:386., u:260., v:307., z:1.2430000305175781e+000 }
   - { px:266., py:380., u:264., v:300., z:1.2120000123977661e+000 }
   - { px:392., py:385., u:406., v:303., z:1.2159999608993530e+000 }
   - { px:450., py:284., u:475., v:187., z:1.1039999723434448e+000 }
   - { px:434., py:234., u:459., v:115., z:1.0190000534057617e+000 }
   - { px:370., py:214., u:393., v:94., z:1.0249999761581421e+000 }
   - { px:306., py:247., u:309., v:168., z:1.6000000238418579e+000 }
   - { px:195., py:263., u:200., v:189., z:1.7359999418258667e+000 }
   - { px:232., py:262., u:235., v:192., z:1.7719999551773071e+000 }
   - { px:253., py:209., u:253., v:137., z:1.6940000057220459e+000 }
   - { px:118., py:240., u:114., v:160., z:1.7630000114440918e+000 }
   - { px:125., py:239., u:119., v:166., z:1.7450000047683716e+000 }
   - { px:117., py:281., u:110., v:211., z:1.7450000047683716e+000 }
   - { px:303., py:230., u:313., v:162., z:2.0820000171661377e+000 }
   - { px:176., py:247., u:182., v:190., z:2.6189999580383301e+000 }
   - { px:177., py:239., u:181., v:182., z:2.5799999237060547e+000 }
   - { px:337., py:267., u:342., v:213., z:2.7880001068115234e+000 }
   - { px:331., py:277., u:339., v:219., z:2.8810000419616699e+000 }
   - { px:269., py:278., u:276., v:229., z:2.9300000667572021e+000 }
   - { px:152., py:251., u:158., v:189., z:2.3350000381469727e+000 }
   - { px:152., py:265., u:161., v:199., z:2.3670001029968262e+000 }
   - { px:370., py:364., u:384., v:290., z:1.4459999799728394e+000 }
   - { px:462., py:358., u:487., v:278., z:1.4040000438690186e+000 }
   - { px:460., py:356., u:485., v:278., z:1.4099999666213989e+000 }
   - { px:378., py:364., u:388., v:242., z:8.0500000715255737e-001 }
   - { px:356., py:398., u:367., v:301., z:8.9200001955032349e-001 }
   - { px:390., py:264., u:404., v:141., z:9.0899997949600220e-001 }
   - { px:376., py:270., u:396., v:149., z:9.2299997806549072e-001 }
   - { px:264., py:274., u:253., v:159., z:9.7799998521804810e-001 }
A: !!opencv-matrix
   rows: 12
   cols: 1
   dt: d
   data: [ 4.4788558229909950e+002, -1.4951400000599625e+001,
       -9.8939081334477032e+003, 2.5454375873375393e+004,
       1.7496306769157382e+001, 4.1317415537056286e+002,
       6.1494241294393314e+003, 5.7005417474821828e+004,
       5.6172251790405130e-002, -5.1294822222352564e-002,
       4.1565987890288301e+002, 7.0789362870153852e+001 ]
