<?xml version="1.0"?>
<opencv_storage>
<kdt type_id="opencv-matrix">
  <rows>42</rows>
  <cols>42</cols>
  <dt>f</dt>
  <data>
    1719. 1719. 1719. 1711. 1711. 1711. 1711. 1702. 1702. 1702. 1702.
    1702. 1702. 1694. 1694. 1694. 1694. 1694. 1694. 1694. 1694. 1694.
    1694. 1702. 1702. 1711. 1711. 1711. 1711. 1711. 1719. 1711. 1711.
    1719. 1719. 1719. 1719. 1719. 1719. 1728. 1728. 1736. 1711. 1719.
    1711. 1711. 1711. 1711. 1702. 1702. 1702. 1694. 1694. 1694. 1694.
    1694. 1686. 1686. 1686. 1686. 1686. 1686. 1686. 1694. 1694. 1694.
    1694. 1702. 1702. 1702. 1711. 1711. 1711. 1711. 1711. 1711. 1711.
    1711. 1711. 1719. 1719. 1719. 1719. 1728. 1711. 1711. 1711. 1711.
    1711. 1702. 1702. 1694. 1694. 1694. 1686. 1686. 1686. 1686. 1686.
    1686. 1686. 1686. 1686. 1686. 1686. 1686. 1686. 1686. 1694. 1702.
    1702. 1702. 1702. 1711. 1711. 1711. 1711. 1711. 1711. 1711. 1711.
    1711. 1711. 1719. 1719. 1719. 1711. 1711. 1711. 1711. 1702. 1702.
    1694. 1694. 1686. 1686. 1686. 1686. 1686. 1686. 1677. 1686. 1686.
    1677. 1677. 1686. 1686. 1686. 1686. 1686. 1686. 1694. 1694. 1694.
    1694. 1702. 1702. 1702. 1702. 1702. 1702. 1711. 1711. 1711. 1711.
    1711. 1719. 1719. 1711. 1711. 1711. 1702. 1702. 1694. 1694. 1686.
    1686. 1686. 1686. 1686. 1677. 1677. 1677. 1677. 1677. 1677. 1677.
    1677. 1677. 1677. 1677. 1677. 1686. 1686. 1686. 1686. 1677. 1686.
    1694. 1694. 1694. 1694. 1694. 1702. 1702. 1711. 1711. 1711. 1711.
    1719. 1702. 1702. 1702. 1702. 1694. 1694. 1694. 1686. 1686. 1686.
    1686. 1677. 1677. 1677. 1677. 1677. 1677. 1677. 1677. 1677. 1677.
    1677. 1677. 1677. 1677. 1677. 1677. 1677. 1677. 1686. 1686. 1686.
    1686. 1686. 1694. 1694. 1702. 1702. 1702. 1711. 1711. 1719. 1702.
    1702. 1702. 1694. 1694. 1686. 1686. 1686. 1686. 1686. 1686. 1677.
    1677. 1677. 1677. 1677. 1669. 1669. 1669. 1669. 1669. 1669. 1669.
    1669. 1677. 1669. 1669. 1669. 1677. 1677. 1686. 1686. 1686. 1686.
    1686. 1694. 1694. 1702. 1702. 1711. 1711. 1711. 1694. 1694. 1694.
    1694. 1686. 1686. 1686. 1686. 1686. 1686. 1677. 1677. 1677. 1677.
    1677. 1669. 1669. 1669. 1669. 1669. 1669. 1661. 1661. 1669. 1669.
    1669. 1669. 1669. 1669. 1677. 1677. 1677. 1677. 1686. 1686. 1686.
    1694. 1694. 1702. 1702. 1711. 1711. 1694. 1694. 1694. 1686. 1686.
    1686. 1686. 1686. 1686. 1677. 1677. 1677. 1677. 1677. 1669. 1669.
    1661. 1661. 1661. 1661. 1661. 1661. 1661. 1661. 1661. 1661. 1661.
    1669. 1669. 1669. 1677. 1677. 1677. 1677. 1686. 1686. 1694. 1694.
    1694. 1702. 1702. 1711. 1686. 1686. 1686. 1686. 1686. 1686. 1686.
    1686. 1677. 1677. 1677. 1677. 1669. 1669. 1669. 1661. 1661. 1653.
    1661. 1653. 1653. 1653. 1653. 1653. 1661. 1661. 1661. 1661. 1669.
    1669. 1669. 1677. 1677. 1677. 1686. 1686. 1686. 1686. 1694. 1694.
    1702. 1702. 1686. 1686. 1686. 1686. 1686. 1686. 1686. 1677. 1677.
    1677. 1677. 1669. 1669. 1669. 1661. 1661. 1661. 1653. 1653. 1653.
    1653. 1653. 1653. 1653. 1653. 1653. 1653. 1661. 1661. 1661. 1669.
    1669. 1677. 1677. 1686. 1686. 1686. 1686. 1694. 1694. 1702. 1702.
    1686. 1686. 1686. 1686. 1686. 1677. 1677. 1677. 1677. 1677. 1677.
    1669. 1669. 1669. 1661. 1653. 1653. 1653. 1653. 1653. 1653. 1653.
    1653. 1653. 1653. 1653. 1653. 1653. 1661. 1661. 1669. 1669. 1677.
    1677. 1686. 1686. 1686. 1686. 1686. 1694. 1694. 1702. 1686. 1686.
    1677. 1677. 1677. 1677. 1677. 1677. 1677. 1677. 1669. 1669. 1661.
    1661. 1653. 1653. 1653. 1653. 1653. 1645. 1645. 1645. 1645. 1653.
    1653. 1653. 1653. 1653. 1661. 1661. 1661. 1669. 1669. 1677. 1677.
    1686. 1686. 1686. 1686. 1686. 1694. 1694. 1686. 1677. 1677. 1677.
    1677. 1677. 1677. 1677. 1669. 1669. 1669. 1661. 1661. 1661. 1653.
    1653. 1653. 1653. 1645. 1645. 1645. 1645. 1645. 1645. 1645. 1653.
    1653. 1653. 1653. 1653. 1661. 1661. 1669. 1677. 1677. 1677. 1686.
    1686. 1686. 1686. 1694. 1694. 1686. 1677. 1677. 1677. 1677. 1669.
    1669. 1669. 1669. 1669. 1661. 1661. 1653. 1653. 1653. 1653. 1653.
    1645. 1645. 1645. 1645. 1645. 1645. 1645. 1645. 1645. 1653. 1653.
    1653. 1653. 1653. 1661. 1669. 1677. 1677. 1677. 1677. 1677. 1686.
    1686. 1686. 1694. 1686. 1677. 1677. 1677. 1677. 1669. 1669. 1669.
    1661. 1661. 1661. 1653. 1653. 1653. 1653. 1653. 1645. 1645. 1645.
    1645. 1645. 1645. 1645. 1645. 1645. 1645. 1645. 1653. 1653. 1653.
    1653. 1653. 1661. 1669. 1669. 1677. 1677. 1677. 1686. 1686. 1686.
    1686. 1677. 1677. 1677. 1677. 1669. 1669. 1669. 1661. 1661. 1661.
    1661. 1653. 1653. 1653. 1653. 1645. 1645. 1645. 1645. 1638. 1638.
    1645. 1645. 1645. 1645. 1645. 1645. 1645. 1645. 1645. 1653. 1653.
    1661. 1669. 1669. 1677. 1677. 1677. 1686. 1686. 1686. 1686. 1677.
    1677. 1677. 1677. 1669. 1669. 1669. 1661. 1661. 1661. 1653. 1653.
    1653. 1653. 1645. 1645. 1645. 1645. 1638. 1638. 1638. 1638. 1638.
    1638. 1638. 1645. 1645. 1645. 1645. 1645. 1645. 1653. 1653. 1661.
    1669. 1669. 1677. 1677. 1677. 1686. 1686. 1686. 1677. 1677. 1677.
    1677. 1669. 1669. 1661. 1661. 1653. 1653. 1653. 1653. 1653. 1645.
    1645. 1645. 1645. 1638. 1638. 1630. 1630. 1638. 1638. 1638. 1638.
    1645. 1645. 1645. 1645. 1645. 1645. 1653. 1653. 1661. 1661. 1669.
    1677. 1677. 1677. 1677. 1686. 1686. 1677. 1677. 1677. 1677. 1669.
    1669. 1661. 1661. 1653. 1653. 1653. 1653. 1645. 1645. 1645. 1645.
    1638. 1638. 1630. 1630. 1630. 1630. 1630. 1638. 1638. 1638. 1645.
    1645. 1645. 1645. 1645. 1653. 1653. 1653. 1661. 1669. 1669. 1677.
    1677. 1677. 1677. 1686. 1677. 1677. 1677. 1669. 1669. 1669. 1661.
    1653. 1653. 1653. 1653. 1653. 1645. 1645. 1645. 1645. 1645. 1638.
    1630. 1630. 1630. 1630. 1638. 1638. 1638. 1638. 1645. 1645. 1645.
    1645. 1645. 1645. 1653. 1653. 1661. 1661. 1677. 1677. 1677. 1677.
    1677. 1686. 1677. 1677. 1677. 1677. 1669. 1669. 1661. 1661. 1653.
    1653. 1653. 1653. 1645. 1645. 1645. 1645. 1645. 1638. 1630. 1630.
    1630. 1630. 1630. 1630. 1638. 1638. 1638. 1645. 1645. 1645. 1645.
    1645. 1653. 1653. 1653. 1661. 1669. 1677. 1677. 1677. 1677. 1677.
    1677. 1677. 1677. 1677. 1669. 1669. 1661. 1661. 1653. 1653. 1653.
    1645. 1645. 1645. 1645. 1645. 1645. 1638. 1630. 1630. 1630. 1630.
    1630. 1630. 1630. 1638. 1638. 1645. 1645. 1645. 1645. 1645. 1653.
    1653. 1653. 1661. 1669. 1677. 1677. 1677. 1677. 1677. 1677. 1677.
    1677. 1677. 1669. 1669. 1661. 1653. 1653. 1653. 1653. 1645. 1645.
    1645. 1645. 1645. 1645. 1638. 1630. 1630. 1630. 1630. 1630. 1630.
    1630. 1638. 1638. 1645. 1645. 1645. 1645. 1645. 1653. 1653. 1653.
    1661. 1669. 1669. 1677. 1677. 1677. 1677. 1677. 1677. 1677. 1677.
    1669. 1661. 1661. 1653. 1653. 1653. 1645. 1645. 1645. 1645. 1645.
    1645. 1638. 1638. 1630. 1630. 1630. 1622. 1630. 1630. 1630. 1638.
    1638. 1645. 1645. 1645. 1645. 1645. 1645. 1653. 1653. 1653. 1661.
    1669. 1669. 1677. 1677. 1677. 1677. 1677. 1677. 1669. 1669. 1661.
    1653. 1653. 1645. 1653. 1645. 1645. 1645. 1645. 1645. 1645. 1645.
    1638. 1638. 1630. 1630. 1630. 1630. 1630. 1630. 1638. 1638. 1645.
    1645. 1645. 1645. 1645. 1645. 1653. 1653. 1653. 1661. 1669. 1669.
    1677. 1677. 1677. 1677. 1677. 1677. 1669. 1669. 1661. 1653. 1653.
    1645. 1653. 1645. 1645. 1645. 1645. 1645. 1645. 1645. 1638. 1638.
    1630. 1630. 1630. 1630. 1630. 1638. 1638. 1638. 1645. 1645. 1645.
    1645. 1645. 1645. 1653. 1653. 1653. 1661. 1661. 1669. 1669. 1677.
    1677. 1677. 1677. 1677. 1669. 1661. 1661. 1653. 1653. 1653. 1645.
    1645. 1645. 1645. 1645. 1645. 1645. 1645. 1638. 1638. 1638. 1630.
    1630. 1638. 1630. 1638. 1638. 1638. 1638. 1645. 1645. 1645. 1645.
    1645. 1653. 1653. 1653. 1661. 1661. 1661. 1669. 1669. 1677. 1677.
    1677. 1677. 1669. 1661. 1661. 1653. 1653. 1653. 1645. 1645. 1645.
    1645. 1645. 1645. 1645. 1645. 1638. 1638. 1630. 1630. 1630. 1630.
    1630. 1638. 1638. 1638. 1638. 1645. 1645. 1645. 1645. 1645. 1645.
    1653. 1653. 1653. 1661. 1661. 1661. 1669. 1669. 1677. 1677. 1677.
    1669. 1661. 1653. 1653. 1653. 1645. 1645. 1645. 1645. 1645. 1645.
