%YAML:1.0
features:
   - { px:370., py:254., u:363., v:257., z:1.6000000238418579e+000 }
   - { px:220., py:228., u:193., v:229., z:1.7189999818801880e+000 }
   - { px:277., py:242., u:258., v:246., z:1.7999999523162842e+000 }
   - { px:363., py:140., u:353., v:132., z:1.7020000219345093e+000 }
   - { px:414., py:200., u:411., v:198., z:1.7999999523162842e+000 }
   - { px:438., py:241., u:439., v:244., z:1.8190000057220459e+000 }
   - { px:439., py:252., u:440., v:254., z:1.8880000114440918e+000 }
   - { px:278., py:197., u:262., v:195., z:2.1740000247955322e+000 }
   - { px:278., py:199., u:262., v:199., z:2.1870000362396240e+000 }
   - { px:417., py:167., u:420., v:161., z:3.2309999465942383e+000 }
   - { px:413., py:166., u:416., v:158., z:3.2009999752044678e+000 }
   - { px:328., py:220., u:321., v:218., z:2.5599999427795410e+000 }
   - { px:215., py:282., u:189., v:293., z:1.6859999895095825e+000 }
   - { px:238., py:282., u:214., v:291., z:1.6770000457763672e+000 }
   - { px:235., py:124., u:210., v:110., z:1.7020000219345093e+000 }
   - { px:312., py:81., u:297., v:64., z:1.6770000457763672e+000 }
A: !!opencv-matrix
   rows: 12
   cols: 1
   dt: d
   data: [ 2.5267400921146752e+001, -6.6919238518685670e-002,
       1.8504082467699225e+003, 9.2133215786752402e+001,
       -1.0095808419425374e+000, 2.6986513143296378e+001,
       1.2075399712463898e+003, -3.4460083710535707e+002,
       -5.1283683428880204e-003, 8.1103401728423901e-004,
       3.2415955064669049e+001, -1.4282950046419272e+000 ]
