<?xml version="1.0"?>
<opencv_storage>
<rgb_template type_id="opencv-matrix">
  <rows>30</rows>
  <cols>30</cols>
  <dt>f</dt>
  <data>
    -7.49145508e-001 -8.69674683e-001 -9.89730835e-001 -1.10366821e+000
    -1.20655823e+000 -1.29472351e+000 -1.36621857e+000 -1.42128754e+000
    -1.46200562e+000 -1.49182129e+000 -1.51490784e+000 -1.53489685e+000
    -1.55421448e+000 -1.57316589e+000 -1.58972168e+000 -1.59991455e+000
    -1.59822083e+000 -1.57871246e+000 -1.53608704e+000 -1.46672058e+000
    -1.36940765e+000 -1.24570465e+000 -1.09977722e+000 -9.38095093e-001
    -7.68493652e-001 -5.99411011e-001 -4.38903809e-001 -2.93846130e-001
    -1.69479370e-001 -6.90307617e-002 -7.66113281e-001 -9.04022217e-001
    -1.04358673e+000 -1.17806244e+000 -1.30112457e+000 -1.40760040e+000
    -1.49418640e+000 -1.55991364e+000 -1.60616302e+000 -1.63616943e+000
    -1.65454102e+000 -1.66581726e+000 -1.67381287e+000 -1.68043518e+000
    -1.68527985e+000 -1.68570709e+000 -1.67714691e+000 -1.65405273e+000
    -1.61096954e+000 -1.54374695e+000 -1.45028687e+000 -1.33126831e+000
    -1.18999481e+000 -1.03229523e+000 -8.65562439e-001 -6.97982788e-001
    -5.37467957e-001 -3.90899658e-001 -2.63450623e-001 -1.58386230e-001
    -8.00964355e-001 -9.55917358e-001 -1.11368561e+000 -1.26638031e+000
    -1.40621948e+000 -1.52651978e+000 -1.62252045e+000 -1.69217682e+000
    -1.73625183e+000 -1.75807190e+000 -1.76290131e+000 -1.75679779e+000
    -1.74533081e+000 -1.73265839e+000 -1.72054291e+000 -1.70809937e+000
    -1.69200134e+000 -1.66732788e+000 -1.62841797e+000 -1.57027435e+000
    -1.48954010e+000 -1.38526154e+000 -1.25921631e+000 -1.11582184e+000
    -9.61303711e-001 -8.03100586e-001 -6.48635864e-001 -5.04585266e-001
    -3.76213074e-001 -2.66960144e-001 -8.53347778e-001 -1.02440643e+000
    -1.19806671e+000 -1.36515808e+000 -1.51632690e+000 -1.64328003e+000
    -1.73997498e+000 -1.80339813e+000 -1.83399200e+000 -1.83567047e+000
    -1.81488037e+000 -1.77982330e+000 -1.73857117e+000 -1.69803619e+000
    -1.66271973e+000 -1.63395691e+000 -1.61009216e+000 -1.58679199e+000
    -1.55815887e+000 -1.51802826e+000 -1.46119690e+000 -1.38439178e+000
    -1.28699493e+000 -1.17104340e+000 -1.04087067e+000 -9.02427673e-001
    -7.62184143e-001 -6.26548767e-001 -5.00801086e-001 -3.88946533e-001
    -9.19403076e-001 -1.10459137e+000 -1.29043579e+000 -1.46619415e+000
    -1.62085724e+000 -1.74459076e+000 -1.83013916e+000 -1.87388611e+000
    -1.87653351e+000 -1.84305573e+000 -1.78206635e+000 -1.70439148e+000
    -1.62149811e+000 -1.54368591e+000 -1.47860718e+000 -1.43039703e+000
    -1.39905548e+000 -1.38108063e+000 -1.37016296e+000 -1.35858917e+000
    -1.33875275e+000 -1.30439758e+000 -1.25140381e+000 -1.17856598e+000
    -1.08735657e+000 -9.81430054e-001 -8.65936279e-001 -7.46536255e-001
    -6.28761292e-001 -5.17341614e-001 -9.92416382e-001 -1.18848419e+000
    -1.38124084e+000 -1.55806732e+000 -1.70618439e+000 -1.81430817e+000
    -1.87422943e+000 -1.88229370e+000 -1.84004211e+000 -1.75453949e+000
    -1.63710785e+000 -1.50228882e+000 -1.36550903e+000 -1.24103546e+000
    -1.14017487e+000 -1.06992340e+000 -1.03227997e+000 -1.02442932e+000
    -1.03951263e+000 -1.06803894e+000 -1.09942627e+000 -1.12355804e+000
    -1.13217926e+000 -1.11978912e+000 -1.08398438e+000 -1.02535248e+000
    -9.46929932e-001 -8.53546143e-001 -7.50793457e-001 -6.44515991e-001
    -1.06393433e+000 -1.26654053e+000 -1.45953369e+000 -1.62826538e+000
    -1.75811005e+000 -1.83648682e+000 -1.85465240e+000 -1.80951691e+000
    -1.70444489e+000 -1.54929352e+000 -1.35927582e+000 -1.15325165e+000
    -9.51225281e-001 -7.71873474e-001 -6.30363464e-001 -5.36651611e-001
    -4.94644165e-001 -5.02212524e-001 -5.51773071e-001 -6.31797791e-001
    -7.28370667e-001 -8.27064514e-001 -9.14535522e-001 -9.80171204e-001
    -1.01677704e+000 -1.02101135e+000 -9.93255615e-001 -9.36920166e-001
    -8.57734680e-001 -7.62718201e-001 -1.12564850e+000 -1.32942963e+000
    -1.51508331e+000 -1.66567230e+000 -1.76474762e+000 -1.79859924e+000
    -1.75859070e+000 -1.64292145e+000 -1.45764160e+000 -1.21647644e+000
    -9.39323425e-001 -6.50047302e-001 -3.73687744e-001 -1.33460999e-001
    5.16738892e-002 1.68922424e-001 2.12631226e-001 1.84371948e-001
    9.25369263e-002 -4.91638184e-002 -2.23289490e-001 -4.10659790e-001
    -5.92552185e-001 -7.52372742e-001 -8.77418518e-001 -9.59625244e-001
    -9.95956421e-001 -9.88174438e-001 -9.41787720e-001 -8.65081787e-001
    -1.17059326e+000 -1.36986542e+000 -1.54042816e+000 -1.66297150e+000
    -1.71920013e+000 -1.69465637e+000 -1.58135223e+000 -1.37967682e+000
    -1.09931946e+000 -7.58735657e-001 -3.83178711e-001 -2.10571289e-003
    3.54324341e-001 6.58424377e-001 8.87802124e-001 1.02709961e+000
    1.06924438e+000 1.01552582e+000 8.75129700e-001 6.64024353e-001
    4.03060913e-001 1.16180420e-001 -1.72096252e-001 -4.39018250e-001
    -6.65664673e-001 -8.38668823e-001 -9.51057434e-001 -1.00232697e+000
    -9.97657776e-001 -9.46502686e-001 -1.19466400e+000 -1.38400269e+000
    -1.53253174e+000 -1.61829376e+000 -1.62138367e+000 -1.52699280e+000
    -1.32837677e+000 -1.02895355e+000 -6.42799377e-001 -1.93847656e-001
    2.86613464e-001 7.63488770e-001 1.20153809e+000 1.56901550e+000
    1.84055328e+000 1.99885559e+000 2.03588867e+000 1.95288086e+000
    1.75993347e+000 1.47492218e+000 1.12200928e+000 7.29621887e-001
    3.27934265e-001 -5.40008545e-002 -3.90838623e-001 -6.63536072e-001
    -8.60733032e-001 -9.79286194e-001 -1.02365112e+000 -1.00447083e+000
    -1.19734955e+000 -1.37234497e+000 -1.49336243e+000 -1.53597260e+000
    -1.47874451e+000 -1.30690765e+000 -1.01557922e+000 -6.11747742e-001
    -1.14669800e-001 4.45800781e-001 1.03220367e+000 1.60372162e+000
    2.12049866e+000 2.54721069e+000 2.85626221e+000 3.02916718e+000
    3.05746460e+000 2.94261169e+000 2.69554138e+000 2.33592224e+000
    1.89072418e+000 1.39244080e+000 8.76373291e-001 3.77708435e-001
    -7.20138550e-002 -4.47875977e-001 -7.33978271e-001 -9.24278259e-001
    -1.02230835e+000 -1.03951263e+000 -1.18175507e+000 -1.33951569e+000
    -1.42993927e+000 -1.42617035e+000 -1.30554199e+000 -1.05366516e+000
    -6.67861938e-001 -1.59233093e-001 4.47639465e-001 1.11662292e+000
    1.80416870e+000 2.46406555e+000 3.05226898e+000 3.53079224e+000
    3.87058258e+000 4.05264282e+000 4.06870270e+000 3.92069244e+000
    3.62050629e+000 3.18931580e+000 2.65630341e+000 2.05740356e+000
    1.43248749e+000 8.22120667e-001 2.63641357e-001 -2.12539673e-001
    -5.85968018e-001 -8.47732544e-001 -1.00016022e+000 -1.05531311e+000
    -1.15373993e+000 -1.29335022e+000 -1.35290527e+000 -1.30332184e+000
    -1.12088776e+000 -7.91885376e-001 -3.16078186e-001 2.91305542e-001
    1.00019073e+000 1.76849365e+000 2.54685211e+000 3.28419495e+000
    3.93300629e+000 4.45337677e+000 4.81542969e+000 5.00054932e+000
    5.00106049e+000 4.81986237e+000 4.46977997e+000 3.97318268e+000
    3.36118317e+000 2.67232513e+000 1.95009613e+000 1.23969269e+000
    5.83381653e-001 1.65100098e-002 -4.36523438e-001 -7.63954163e-001
    -9.67041016e-001 -1.05821991e+000 -1.12089539e+000 -1.24340057e+000
    -1.27468872e+000 -1.18370819e+000 -9.45877075e-001 -5.48240662e-001
    7.04956055e-003 7.00782776e-001 1.49784851e+000 2.35066223e+000
    3.20475006e+000 4.00484467e+000 4.70067596e+000 5.25099945e+000
    5.62599182e+000 5.80779266e+000 5.78993225e+000 5.57649231e+000
    5.18144226e+000 4.62825775e+000 3.94944000e+000 3.18550873e+000
    2.38279724e+000 1.58988190e+000 8.52981567e-001 2.11296082e-001
    -3.07502747e-001 -6.89430237e-001 -9.34715271e-001 -1.05603027e+000
    -1.09069824e+000 -1.19907379e+000 -1.20732880e+000 -1.08277893e+000
    -8.00285339e-001 -3.47496033e-001 2.71255493e-001 1.03344727e+000
    1.89961243e+000 2.81751251e+000 3.72844696e+000 4.57379913e+000
    5.30114746e+000 5.86864471e+000 6.24684143e+000 6.41910553e+000
    6.38052368e+000 6.13664246e+000 5.70278168e+000 5.10353088e+000
