%YAML:1.0
features:
   - { px:169., py:310., u:193., v:229., z:1.7189999818801880e+000 }
   - { px:328., py:215., u:353., v:132., z:1.7020000219345093e+000 }
   - { px:412., py:324., u:439., v:244., z:1.8190000057220459e+000 }
   - { px:412., py:333., u:440., v:254., z:1.8880000114440918e+000 }
   - { px:239., py:266., u:262., v:195., z:2.1740000247955322e+000 }
   - { px:240., py:268., u:262., v:199., z:2.1870000362396240e+000 }
   - { px:364., py:364., u:384., v:298., z:2.6389999389648437e+000 }
   - { px:302., py:363., u:323., v:298., z:2.6189999580383301e+000 }
   - { px:403., py:215., u:416., v:158., z:3.2009999752044678e+000 }
   - { px:300., py:285., u:321., v:218., z:2.5599999427795410e+000 }
   - { px:163., py:371., u:189., v:293., z:1.6859999895095825e+000 }
   - { px:186., py:371., u:214., v:291., z:1.6770000457763672e+000 }
   - { px:186., py:194., u:210., v:110., z:1.7020000219345093e+000 }
   - { px:271., py:151., u:297., v:64., z:1.6770000457763672e+000 }
A: !!opencv-matrix
   rows: 12
   cols: 1
   dt: d
   data: [ 1.7070702289915909e+002, -2.3998387149925797e+000,
       -2.7763432053234446e+003, 7.9610468659484252e+002,
       -1.9371999737748802e+000, 1.7463850721983769e+002,
       2.5318704685939133e+003, 2.2639300356106487e+004,
       -1.2867609822290663e-002, 3.2675885438779246e-003,
       1.6566397239739320e+002, 2.5848612631383059e+001 ]
