%YAML:1.0
features:
   - { px:255., py:86., u:274., v:198., z:914. }
   - { px:324., py:410., u:372., v:264., z:933. }
   - { px:383., py:450., u:352., v:266., z:941. }
   - { px:361., py:453., u:275., v:269., z:987. }
   - { px:284., py:453., u:219., v:261., z:1148. }
   - { px:253., py:432., u:218., v:258., z:1270. }
   - { px:240., py:429., u:212., v:205., z:1148. }
   - { px:245., py:380., u:174., v:180., z:1056. }
   - { px:172., py:383., u:324., v:236., z:931. }
   - { px:351., py:425., u:354., v:252., z:957. }
   - { px:365., py:439., u:358., v:265., z:993. }
   - { px:377., py:449., u:389., v:280., z:1040. }
A: !!opencv-matrix
   rows: 12
   cols: 1
   dt: d
   data: [ .001, 0, 0, 1,
        0, .001, 0, 1,
		0, 0, .0001, 10 ]
